function y = g1(x2)

y = 0.5 * x2 + 1.644934067;

end