function y = g3(x2)

y = 11.36439395 + x2 .* ( 4.9934802201 + 0.25 * x2 );

end